0.0003178039151594732
0.00033473579357085395
0.0003455851286119125
0.00035643446365297103
0.0003656870162610195
0.0003744073080580647
0.00038076967936583506
0.0003800582892057814
0.00037934689904572786
0.0003830040601261893
0.0003881174049534889
0.0003925928964397273
0.00039515482790278197
0.00039771675936583665
0.0004063343858607645
0.00041697057736631655
0.0004232756982818048
0.0004165876074271007
0.0004098995165723966
0.0004068517723694743
0.0004050174770504792
0.0004038344927567886
0.00040460544153901135
0.0004053763903212341
0.00039773243016471844
0.00038728350036195644
0.00037927855611845053
0.00037860556855271246
0.0003779325809869744
0.00037371632498690074
0.00036831897950871537
0.00036164988174613695
0.0003511655271303801
0.0003406811725146233
0.0003346678599387203
0.00033014489470943505
0.00032619925057838866
0.00032398556974205914
0.0003217718889057296
0.00031479013234281
0.00030621901720436043
0.0002984761742619649
0.00029321814790773135
0.0002879601215534978
0.0002824091057829332
0.00027676042687359157
0.0002709257141468911
0.000264532899968114
0.00025814008578933713
0.00024989952310095555
0.00024104304424270586
0.0002336325418421547
0.0002305599688146995
0.00022748739578724427
0.00022086330513723518
0.000213055375279708
0.00020588459101592116
0.0002006252435333552
0.00019536589605078926
0.00019102539107659637
0.00018699116693852782
0.00018255266667112742
0.00017690133801573121
0.00017125000936033525
0.00016352723236513116
0.00015511397258999153
0.0001490335208189606
0.00014995149306025745
0.00015086946530155435
0.0001471675517477717
0.00014192567626229564
0.0001372293204287715
0.00013416952355110227
0.00013110972667343317
0.00012640890360622375
0.00012116107180916753
0.000116253272531585
0.00011236557081242364
0.00010847786909326227
0.00010617128443803679
0.00010439173880412332
0.00010197296627508876
9.76365130606908e-05
9.330005984629282e-05
8.973676132021855e-05
8.643118102358554e-05
8.328459869026916e-05
8.061501024690243e-05
7.79454218035358e-05
7.686835301983118e-05
7.632212412268066e-05
7.507341472424379e-05
7.171726382194802e-05
6.83611129196521e-05
6.506618103720858e-05
6.179165549471568e-05
5.877693285327029e-05
5.654161891496699e-05
5.430630497666379e-05
5.424477037265558e-05
5.490782888007907e-05
5.479174886409162e-05
5.233825327787149e-05
4.988475769165125e-05
4.872142845851317e-05
4.798815467640243e-05
4.693604199004594e-05
4.4927412590952104e-05
4.291878319185819e-05
4.213824298236756e-05
4.176706583607798e-05
4.1184290870686224e-05
3.996672244798774e-05
3.8749154025289326e-05
3.7836104419376433e-05
3.7024561085725444e-05
3.591653111844247e-05
3.3919041250263694e-05
3.1921551382084835e-05
3.057565947645108e-05
2.9446966891665612e-05
2.858387656998624e-05
2.8517593037625014e-05
2.845130950526379e-05
2.7413859452326114e-05
2.6052687225862992e-05
2.4750368495534435e-05
2.3624610253609784e-05
2.249885201168508e-05
2.2431044716193018e-05
2.2715887736178498e-05
2.2673995296930062e-05
2.1651896479979928e-05
2.062979766302975e-05
2.010182274886495e-05
1.9738555802295243e-05
1.9068541290200668e-05
1.7478284081531246e-05
1.5888026872861898e-05
1.5376388587722045e-05
1.5224289943758742e-05
1.5346167238818326e-05
1.628997235094659e-05
1.7233777463074896e-05
1.708698917083548e-05
1.6576669743806816e-05
1.6101301847156486e-05
1.5730788541641082e-05
1.5360275236125692e-05
1.5378785145598003e-05
1.552696946006622e-05
1.5803967274191287e-05
1.6467405587286883e-05
1.7130843900382514e-05
1.6884796152773048e-05
1.6335586384928612e-05
1.589806574435203e-05
1.5795612485578945e-05
1.5693159226805857e-05
1.4810404857306414e-05
1.3667550117564737e-05
1.2890419031429306e-05
1.3210458906112474e-05
1.3530498780795625e-05
1.4464084316504363e-05
1.560218507255494e-05
1.6397280419318756e-05
1.6163359538222305e-05
1.5929438657125844e-05
1.618277238723302e-05
1.659852432107476e-05
1.7011933363198166e-05
1.7418313730166637e-05
1.7824694097135095e-05
1.829788644311688e-05
1.8793349448769747e-05
1.9595535141131347e-05
2.1317888893619073e-05
2.3040242646106878e-05
2.460934375670951e-05
2.612736065335053e-05
2.7808085195231246e-05
2.9976932672831262e-05
3.2145780150431376e-05
3.481774034307077e-05
3.76574047740568e-05
4.010873204155029e-05
4.1395047818566624e-05
4.268136359558291e-05
4.4683577021807396e-05
4.692442299776789e-05
4.897982410324735e-05
5.047889059728346e-05
5.197795709131965e-05
5.2416182249417876e-05
5.250079362887016e-05
5.2577941925164034e-05
5.2632700971982736e-05
5.268746001880144e-05
5.2446554252075075e-05
5.210709354750034e-05
5.24469269428269e-05
5.482464263785783e-05
5.7202358332888656e-05
5.7384635378786956e-05
5.683509954164111e-05
5.63073946199728e-05
5.5845182444737166e-05
5.5382970269501516e-05
5.528577287714267e-05
5.531024707907612e-05
5.5891707282116674e-05
5.814412548847865e-05
6.0396543694840535e-05
6.086865862190972e-05
6.074733912254787e-05
6.052552952067218e-05
6.000224961125501e-05
5.9478969701837825e-05
6.10982546613414e-05
6.343172791048536e-05
6.640484306055362e-05
7.129688391339563e-05
7.618892476623788e-05
7.813217123207464e-05
7.909248623557636e-05
8.037537177852033e-05
8.262596893979155e-05
8.487656610106267e-05
8.612855426066635e-05
8.704767275304749e-05
8.973478992563064e-05
9.772590313881957e-05
0.00010571701635200884
0.00010847137878820057
0.00010948015763205953
0.00011168367574111772
0.00011747141164577395
0.00012325914755042993
0.00012947565981198062
0.0001358350975258292
0.00014141485083337966
0.00014465555092203506
0.00014789625101069057
0.0001502719046895188
0.00015235920956507143
0.00015494937396748476
0.00015904811695048078
0.000163146859933477
0.00017152381414340013
0.00018132683876229946
0.00018957966813473688
0.00019318191176778883
0.0001967841554008406
0.00020149514025914774
0.00020657570552587307
0.00021290364136901998
0.00022297368894143085
0.00023304373651384218
0.00023677471152071282
0.00023839266233906958
0.00024096430154897495
0.00024639700593352644
0.0002518297103180777
0.0002550911032158379
0.00025762872561800067
0.00026008798204273163
0.0002623121405351668
0.00026453629902760205
0.00026732552073425314
0.000270303096845643
0.0002715084826526846
0.0002673972975466805
0.00026328611244067613
0.0002627218232548794
0.0002633398327091518
0.0002640311430666429
0.00026494235613379015
0.00026585356920093734
0.00026366967179485663
0.0002604540708977001
0.00025622772743872106
0.0002489691562942751
0.00024171058514982878
0.00023563278480996517
0.00022994857473829559
0.00022353086695176536
0.00021491266602065217
0.00020629446508953935
0.00019862848874876952
0.00019127992060478122
0.00018537961580361795
0.00018382410103092993
0.00018226858625824182
0.00017828739785843604
0.0001734976515829241
0.00016808851892885474
0.00016082122713911192
0.00015355393534936942
0.00015024374364830067
0.0001482525853101231
0.00014581166796656783
0.0001420214736068788
0.00013823127924718993
0.00013821807395537759
0.00013946386501952402
0.00013939126830616623
0.00013536350826029564
0.00013133574821442483
0.00012653275208523225
0.00012147134392826543
0.00011766338080442211
0.00011761575277994866
0.00011756812475547522
0.00011557824654122177
0.00011294095159704167
0.00011081270840707632
0.00011021162047975542
0.00010961053255243449
0.00010621215085430906
0.00010188133789924855
9.784074197570947e-05
9.467079714673408e-05
9.150085231775878e-05
8.92748666014863e-05
8.736353392278135e-05
8.471427776802554e-05
7.985125118511622e-05
7.498822460220711e-05
7.236321637620005e-05
7.048421426916046e-05
6.850517919322708e-05
6.622604521061265e-05
6.394691122799813e-05
6.0879075426724705e-05
5.7548339019231415e-05
5.38247160653181e-05
4.8922433472144006e-05
4.4020150878970134e-05
4.0720689881759266e-05
3.795550274986969e-05
3.588151714527803e-05
3.5881136122580124e-05
3.5880755099882214e-05
3.3447129800549405e-05
3.0202423075671484e-05
2.729830093190112e-05
2.541593253145317e-05
2.3533564131005296e-05
2.2205749248122693e-05
2.1062785537761804e-05
1.9814879516789883e-05
1.82521465639845e-05
1.6689413611179258e-05
1.5033944133719256e-05
1.334756248137434e-05
1.1641957005191745e-05
9.87868005749671e-06
8.115403109801677e-06
7.743959013580076e-06
7.836459201183071e-06
7.754935182183602e-06
7.151338543376888e-06
6.547741904570175e-06
5.7181517075889615e-06
4.813230324549672e-06
4.21991117035728e-06
4.561398702705355e-06
4.902886235053461e-06
4.4453626664032535e-06
3.7215020640870154e-06
3.1351743970118676e-06
2.961445535660073e-06
2.787716674308293e-06
2.374618545711686e-06
1.8817306613668223e-06
1.4209419795271236e-06
1.0564509052029117e-06
6.91959830878732e-07
6.6136341650513e-07
7.420652221150277e-07
7.605343781357833e-07
5.923055853891291e-07
4.24076792642475e-07
4.2240361262281136e-07
4.762489701788291e-07
5.043932470767094e-07
4.554342820002096e-07
4.0647531692370984e-07
3.661923189847585e-07
3.2880131009166174e-07
2.78360728877058e-07
1.8877143069793454e-07
9.9182132518819e-08
1.580522710152228e-07
2.664088884034546e-07
3.272066458589878e-07
2.453278235164206e-07
1.6344900117385338e-07
1.0008550691174963e-07
4.2893788676465584e-08
0.0
0.0
0.0
2.0917378160248502e-08
4.880721570724733e-08
7.235823496867238e-08
8.289279937338659e-08
9.34273637781008e-08
9.500197252331119e-08