0.0004969229490621262
0.0005196056863044601
0.0005417139895519591
0.0005637468357152754
0.0005865578173809917
0.000608864102434703
0.0006322411805322077
0.0006574697845844078
0.0006851463220614505
0.0007139848712886111
0.0007432335850474481
0.000771337814234271
0.0007971318034249507
0.0008211187893422404
0.0008438909666927569
0.0008669963025338339
0.0008912193327264103
0.0009147979396230173
0.00093706055712328
0.0009587609452156989
0.0009808465729720967
0.001002389754889849
0.0010249071431312564
0.001046900346080691
0.0010700052337778987
0.0010939838368631933
0.0011160973587216352
0.0011381595770349959
0.001160768070456557
0.0011839225365380254
0.0012074078845213888
0.0012291762533145234
0.0012503904460806636
0.0012727772706206612
0.0012942365637959431
0.0013149512395584915
0.0013335585191490613
0.0013519452429726123
0.0013701807371040023
0.0013874938028480802
0.0014078323662636207
0.001428730722503164
0.0014488650185689666
0.0014690079657161113
0.0014872578776268825
0.0015059247706727156
0.0015241656038576501
0.0015443994244344708
0.0015638871126387355
0.0015822943047996382
0.0015984073932937745
0.001615119260947565
0.0016319827874639132
0.0016490043289841933
0.0016661230090301855
0.0016825743751974183
0.001699723327714334
0.0017163303160873074
0.0017327779263956776
0.0017493575848403068
0.0017678712273087403
0.0017860642210421546
0.0018044869685000106
0.0018258302700430247
0.0018461744447353329
0.0018676266899549446
0.0018886858529547962
0.0019101568833293466
0.0019313135424237585
0.0019531351097455355
0.0019740695740798372
0.0019932862168585714
0.00201346947378282
0.0020309621249793705
0.0020474444796458723
0.00206312068227649
0.002079668090863565
0.00209635996000832
0.002113252688370474
0.002131560658670488
0.002149578071295263
0.0021680007489033497
0.002186031411368731
0.002202524233687604
0.002218711408957272
0.002233771746662744
0.0022461654669586246
0.0022604695322626087
0.0022738237053067977
0.0022860332157195367
0.002297069988752379
0.002307704048984067
0.0023186864718193682
0.0023309399117906245
0.002341949548835524
0.0023542709038372406
0.002367059455470453
0.0023782626178709466
0.002389280660406468
0.002397462675052304
0.0024054865195545
0.0024137326971829976
0.0024212404518098416
0.0024292656125093136
0.002435497581699761
0.002441175969437878
0.002444303944157115
0.002445943569587085
0.0024485813916995417
0.002449845836128417
0.0024508170820692105
0.002453411604272649
0.0024556069570124124
0.00245754334505246
0.002459624511857339
0.002459152262196962
0.002457539369039348
0.0024551304407384547
0.0024534518856045282
0.002451165448093299
0.00244984408177049
0.002450170043743176
0.002451429446957672
0.0024506640990394836
0.0024513393231312183
0.002452316015487176
0.002450595761047682
0.0024484482212528457
0.002444333655641333
0.002441948102286306
0.0024373956903346785
0.002433487475585875
0.002432001548817908
0.002429608588203245
0.0024284419766235177
0.0024271761248723014
0.002424079653757202
0.0024209163376793363
0.0024168704355923584
0.0024136307922362123
0.0024104929367949985
0.002407672615895779
0.0024073678529792043
0.002405991345591981
0.002405435985852593
0.0024038895056466623
0.002402460783410362
0.0024016402486958742
0.0023999050508502723
0.002397309514995918
0.00239393593867336
0.0023910059586302003
0.0023891642401403204
0.0023856813752108253
0.002384165693176569
0.00238286291575339
0.002381326140659875
0.002381169764682357
0.002381553394783831
0.0023815868924888517
0.002379382805692491
0.0023785924538590433
0.002376687129695655
0.0023755645398346333
0.002374570940444773
0.0023717705690912043
0.00237082251323894
0.0023690320278407645
0.0023668963824496694
0.0023656915577498563
0.0023657778570732144
0.002365301899554361
0.00236381324993893
0.0023634680164629704
0.0023620053900560633
0.002361334941264507
0.002359019238429569
0.002357094710464605
0.002355659105667621
0.002352927088623814
0.0023515907911759158
0.002349074530914481
0.002348034349768371
0.002347986737383953
0.002345975537629055
0.002344310934145886
0.002342361420439171
0.0023418196324898363
0.0023406080461108366
0.00233876757091118
0.002337871855992943
0.002337186141049447
0.002336889919422959
0.0023364900309605393
0.0023359865453748646
0.0023369768952201885
0.0023372522638781365
0.002335903816349012
0.0023346185493118587
0.0023329567897002225
0.0023321791074470783
0.002329547648271996
0.002327392834989348
0.002324525299414078
0.0023228757293324727
0.0023203584361503257
0.0023191215513038636
0.002317880320494232
0.002316154784334564
0.002315490386675064
0.002313928968190552
0.002311869933254334
0.0023097851229057467
0.0023081908699165497
0.002306002432408614
0.002303488155268746
0.002300550172887647
0.0022977324498877085
0.002294402354431656
0.0022929313310802286
0.002289090381531476
0.0022865591025458074
0.0022845134242191673
0.002281756625368189
0.0022789643506774798
0.0022754243716302048
0.0022709602560434727
0.00226721116596315
0.0022619553071813216
0.002257681394476454
0.0022524337305175122
0.0022474465121191303
0.0022429801677941686
0.002238627659505456
0.002234927198952844
0.002229997656005254
0.0022268010645710933
0.0022241052643205915
0.002220855355742892
0.002217027183060136
0.0022132664389354953
0.002209434884175237
0.0022050693735847747
0.002200314885124678
0.0021948691598490254
0.0021898781433320326
0.002183998087180482
0.002177715277853098
0.0021715346405068066
0.002165810792180407
0.0021587425929678957
0.0021525855685529454
0.0021469371565909557
0.002141407623331471
0.002136175843285441
0.0021314408992573176
0.002125622610747775
0.0021214998045684086
0.002115662684310914
0.0021094930682428923
0.002104637378740893
0.002098909274646715
0.002092256272823133
0.0020851640586414476
0.002079682841811712
0.0020725994827551966
0.0020669185394534724
0.002060519039703829
0.0020544132318569856
0.002048854849716896
0.0020433121557363707
0.002038302888783511
0.002031836443198198
0.002026308532730474
0.002020657704282247
0.002015132941000957
0.0020076499678497372
0.002001642516667724
0.001994884597521892
0.0019880295621034026
0.001980512976050618
0.001974146853418921
0.0019656816747226553
0.0019577066940725312
0.0019495299656503277
0.0019415241720214876
0.0019335546987957722
0.0019251250986065222
0.0019166779556526257
0.00190903410779496
0.0019019488798004407
0.0018940716954246694
0.0018869708724085304
0.0018791639393223012
0.0018722276524927664
0.0018643475993314158
0.0018563292244640156
0.0018490532877455227
0.001841566011702028
0.0018337831539054013
0.0018265787536006096
0.0018196079387415897
0.0018115293633366805
0.001803534293569178
0.0017970051520106237
0.0017891394241666635
0.0017818935265558296
0.001774399776150455
0.0017665550597478874
0.0017574450515975707
0.0017497293343622185
0.0017403082679520795
0.001731511554931063
0.0017218815580416907
0.0017132603142604342
0.0017043652779735702
0.0016956939114023096
0.0016862709434551475
0.001677590339335088
0.0016679803304976372
0.0016592909916969107
0.001650512882467773
0.001641742883434454
0.001632960256349162
0.001625197011284334
0.001615443689017519
0.001607097028043938
0.0015979947573470028
0.0015894601953072534
0.0015801634716234875
0.001571188483306734
0.0015624896097254511
0.001553542391788558
0.001544705561273547
0.0015354426482335314
0.001525781265286473
0.0015162975809248135
0.0015063655961943141
0.0014973301521181233
0.0014880117895600818
0.0014785703872622503
0.0014689137806709555
0.0014594484966128705
0.001450762881129352
0.0014421328098684098
0.0014323935623061846
0.0014242521192221246
0.0014148688812751636
0.0014049152619924731
0.0013962995644289384
0.0013871486034228268
0.001377800916574457
0.0013678341592348333
0.0013580359546364392
0.0013492234809969815
0.0013395014145455293
0.0013297432194166378
0.0013204052432435282
0.0013107603381766369
0.0013014302116609142
0.001291968171803019
0.0012823108796750284
0.0012742591455373448
0.0012649570427864239
0.0012554309244636856
0.0012458481772492736
0.0012371791197064647
0.0012280689730566664
0.0012190239412533783
0.0012101632514330046
0.0012011334028137817
0.001191434825571486
0.0011829579986715082
0.001173459313651776
0.0011641120396779835
0.0011539761037141897
0.0011449218396026805
0.001134933768838208
0.0011253085502101314
0.0011153946186214891
0.0011050085827902835
0.0010950076534900625
0.0010854488024947368
0.001075401602397439
0.0010645229849346757
0.0010550231781562293
0.0010444133718050632
0.0010345894523851123
0.0010250123810752214
0.0010150448066491738
0.0010055738329370122
0.0009955305381588125
0.0009866191884294723
0.0009770219932291706
0.0009682335968848155
0.0009589723724493871
0.00094980949327914
0.000940656720840709
0.0009316395672658798
0.0009216468047986534
0.0009126144963500164
0.0009025553903474603
0.0008932060059985146
0.0008832193237661852
0.0008735328737798757
0.0008635162418705379
0.0008540146914521569
0.0008433270031456012
0.0008341179962628448
0.0008243727449967646