0.0007592309376553841
0.0007948154624093303
0.0008861601714989588
0.0010472137622761825
0.0012583319791702218
0.0014888628980690558
0.001707393336957879
0.0018963248724893386
0.0020574621560314095
0.0021821257185941213
0.0022599510416192073
0.002287983201428209
0.0022780993238657897
0.0022504709372297045
0.0022402668675441948
0.002248597560888645
0.002232471248674374
0.0021384035551792586
0.0019672631683647275
0.0018009170280506976
0.0017551177996415644
0.0019092076085942598
0.0022558801963913733
0.002721297156304472
0.0032081504504799163
0.003637375603529426
0.00395946927127762
0.004157490777076757
0.004244142661345571
0.0042500318221062655
0.004207296385777447
0.004135340861451243
0.00405011019512841
0.0039713872320706585
0.0039284272675969385
0.003928259703291304
0.003958154853418005
0.003985047037387459
0.003977524287664361
0.003921878730289766
0.003819148929474396
0.0036817823729178582
0.0035236511475293135
0.0033630719142861434
0.0032221725755489385
0.00312580736937079
0.0030996033905772553
0.003168781843052205
0.003354887364806193
0.0036653090798175023
0.004085563954759254
0.004566702970641717
0.00504129425908061
0.005443960753400317
0.005733888267712977
0.0059094472747370196
0.0059989082916747025
0.006041850982261776
0.006070934320931983
0.006103171128109611
0.006137991660045753
0.0061703528954565505
0.006194238412328874
0.006205835972339767
0.0062016378709612695
0.006163261110347752
0.006085125291302008
0.005952715472891087
0.0057767528775018225
0.0055654443996209415
0.00535320263666408
0.005172296855502129
0.005050014413399872
0.004992745197612738
0.004993252834969965
0.005023476320052327
0.005056637872864986
0.00507276857701922
0.00506466842550106
0.005037805968833954
0.005005053231347509
0.00497932540762888
0.004970611233239897
0.004978115087758641
0.004995004877079446
0.005012242042535652
0.005023480396264841
0.005028291104704094
0.005031955225030483
0.005039690567117202
0.005058064178939225
0.00508673797672081
0.005123684200973527
0.005162750478840187
0.005198686121948714
0.0052278060445716465
0.005251099710756434
0.005271324532390023
0.005298262699234306
0.005339158934140603
0.005399871613443381
0.005484665742305962
0.005588401423392461
0.005704789359993962
0.005827313311722469
0.00594764602191872
0.006060391521570465
0.006164049158682594
0.0062590992862064515
0.006347097351634864
0.006430865719905293
0.006511135824467419
0.0065873602155639656
0.006656820999470534
0.006714087623504505
0.006752193851687644
0.006765214051212372
0.006746614494312444
0.006691739397809334
0.006599804819107483
0.006472312886884766
0.006313645493643372
0.006129948239344351
0.0059286512538539865
0.005716613589250464
0.0054986385188708145
0.005280398208636756
0.005065423105709908
0.004856388503461641
0.004656434110427079
0.004468586973265518
0.004296520827353343
0.004143970863582505
0.004015387695171429
0.003915094880850095
0.0038457691723559587
0.0038112876593909156
0.0038127570450392995
0.003849928331968665
0.003920462821492633
0.004019841449738247
0.004139892058658617
0.004274170405547514
0.004410509757504794
0.004539022070303923
0.0046503687523172235
0.004736561178318587
0.004792396907848098
0.004814525160319006
0.004802882773413428
0.004759131566399191
0.0046869521877026055
0.004593048120419275
0.0044791433518423344
0.004356534458396662
0.004227697919513043
0.004099787923172979
0.003977769608288639
0.0038647839859914674
0.0037635286348968243
0.003674983883576048
0.0035993051300758265
0.003533385178314044
0.003475525956234303
0.0034229208307250516
0.0033726658856176035
0.0033217171638065535
0.0032677383325904995
0.0032116046676720377
0.0031512632056223296
0.003089427331772777
0.0030251578078562885
0.0029634929832295437
0.0029050631749045867
0.0028510674684106194
0.0028036791530054463
0.0027640579458726947
0.002732786273017378
0.0027092124060073748
0.0026945059854504736
0.0026866563282235112
0.0026859862971800974
0.0026896987824137288
0.002691344705342715
0.00270791458497093
0.002718916390082051
0.0027304678505918486
0.002741007803773611
0.0027497886789033432
0.0027557801724908838
0.0027588779928644307
0.0027586373391157823
0.0027555774937917062
0.002750515212220665
0.0027433452518070556
0.0027361722922410164
0.0027294121810182846
0.0027237805015213642
0.0027218562003584476
0.002722339320793298
0.0027254544320141193
0.0027317671360044438
0.0027410753034656033
0.0027520625536914425
0.002765638429802996
0.0027790680700198736
0.0027937538932410705
0.002807796536776877
0.0028200340910128634
0.0028302197742438246
0.002836827013699485
0.002838751080064265
0.0028372564524835452
0.002831976277128794
0.002818760908707274
0.0028015466548476408
0.00277930000051447
0.002751467320218709
0.0027184654570951913
0.002680394823898803
0.0026378473653984047
0.002591193677697563
0.002541242880663967
0.0024902615559370296
0.002434334947497603
0.0023786315454852594
0.0023223122844075227
0.002265679942684427
0.0022093715408366644
0.0021540860021251997
0.0021000231413986115
0.0020475974152745604
0.001997081078786237
0.0019480410586694555
0.0019017979575800938
0.001856918149375394
0.001813616315045338
0.001772985305150483
0.0017313401493485436
0.0016918908205310831
0.001653434903526745
0.001615749179593524
0.0015790772792297096
0.0015430371541089016
0.0015082345155410604
0.0014747927067238272
0.0014406453674591113
0.001407898541802134
0.0013767666652579325
0.0013445012275337086
0.001313663572621928
0.0012829646038317686
0.001252888481574608
0.0012231980730756514
0.0011935727619161107
0.0011631873641769108
0.0011356413153561986
0.0011074986237835066
0.0010797976008592252
0.0010525789371580191
0.0010259633450941088
0.0010005574926101092
0.000974580721904021
0.0009497456441841689
0.0009257131410419291
0.0009016546153159648
0.0008789851902090461
0.0008566369033902524
0.0008355710763484046
0.0008139768464110772
0.0007937177031755728
0.0007744683478712384
0.0007556654181009758
0.0007380038039342947
0.0007210270816043371
0.0007047060366356478
0.0006891347830955332
0.0006742399748001834
0.0006598277754095195
0.0006460421830083025
0.0006327027094318469
0.0006194126291261664
0.0006066725136073644
0.0005941906065628183
0.0005814628340454337
0.0005691393984443807
0.0005568304128496784
0.0005445931691356605
0.0005323612349554957
0.00052015964344432
0.0005071842129270841
0.0004956156071109911
0.0004833285080322851
0.00047107635381669774
0.00045864160201358414
0.0004462132664085873
0.00043392850847137317
0.0004216584212906357
0.00040953677755905594
0.00039711297233059264
0.0003851999495693148
0.0003726575967629425
0.00036076638020269083
0.0003483924584270456
0.0003363073055450309
0.00032363427478866524
0.00031126586790551435
0.00029882637501374773
0.0002864031879028585
0.0002743790185443248
0.000262222577006777
0.0002498456292850035
0.00023841761258586335
0.00022709181450527793
0.00021554162387383034
0.00020460822619491895
0.0001936999677284327
0.00018309413327060545
0.00017281893152331284
0.00016268489233472802
0.00015329839451140034
0.0001436193778293558
0.00013452914874736684
0.00012602402273140253
0.00011768335058344618
0.00010986915345962726
0.00010253870777772548
9.57332933973062e-05
8.936501658664271e-05
8.346761907952532e-05
7.797301338655022e-05
7.307762135353552e-05
6.853053325395824e-05
6.454305311369378e-05
6.027415048425415e-05
5.7348162167182915e-05
5.45349409455202e-05
5.1587606577378386e-05
4.922987370992607e-05
4.681640739415013e-05
4.456398677366163e-05
4.2889708911101915e-05
4.075879229304016e-05
3.9243233896420004e-05
3.756996971376129e-05
3.600270118824578e-05
3.477554906407778e-05
3.339816779278682e-05
3.208354092941229e-05
3.0981764047119904e-05
2.98044204673772e-05
2.881420168752018e-05
2.775450200736661e-05
2.6839913831252977e-05
2.588738056815876e-05
2.5106430003850604e-05
2.4331965969806217e-05
2.3473145283541684e-05
2.2538862068819348e-05
2.213431329455131e-05
2.139680853296953e-05
2.086743227610326e-05
2.0231393154137226e-05
1.9746454562925946e-05
1.917924044125756e-05
1.8478951354399466e-05
1.8233783127382034e-05
1.7649173453050737e-05
1.7153094675462223e-05
1.6732814753209674e-05
1.627633934642346e-05
1.5885316999748728e-05
1.5439875685324572e-05
1.5103651079366615e-05
1.4517814761688386e-05
1.4193455577839957e-05
1.3926241379779705e-05
1.3563340852850426e-05
1.3093067059350965e-05
1.2810335951214689e-05
1.2508904225470051e-05
1.215648067982532e-05
1.1826164531804862e-05
1.1542325893215092e-05
1.1198093106615962e-05
1.0879272986024631e-05
1.0677798399341832e-05
1.0377866155315129e-05
1.0020686128828755e-05
9.755777239391758e-06
9.576609362823582e-06
9.248205510594704e-06
8.947651584788304e-06
8.733541160370255e-06
8.513311697264516e-06
8.214152019614792e-06
7.986893587645513e-06
7.778707358078411e-06
7.560715975453376e-06
7.284758993963341e-06
7.102572732531569e-06
6.927009709496745e-06
6.700760484369959e-06
6.438203425026622e-06
6.288215214615577e-06
6.142766678556577e-06
5.919725174214809e-06
5.678913571678671e-06
5.548432810800289e-06
5.403354740922457e-06