0.008817710786622704
0.008582195007065472
0.008591615638247764
0.00982571832312765
0.009411210551106925
0.0103061705134244
0.009674988224211025
0.009684408855393314
0.008638718794159209
0.007998115873763543
0.008996702779086199
0.00792275082430523
0.007960433349034386
0.008827131417804994
0.007658973151201131
0.008723504474799812
0.009552520018841265
0.009985869053226567
0.010032972209138015
0.010937352802637778
0.010541686292981632
0.010993876589731513
0.012039566650965618
0.012623645784267548
0.013292510598210083
0.012802637776731043
0.012048987282147906
0.010701837023080548
0.008356099858690532
0.00767781441356571
0.007159679698539803
0.006321243523316063
0.006406029203956666
0.007621290626471974
0.006990108337258597
0.006914743287800284
0.007432878002826191
0.007244465379180406
0.00792275082430523
0.008902496467263307
0.008544512482336316
0.008808290155440416
0.00849740932642487
0.007121997173810646
0.006980687706076309
0.005718323127649553
0.005341497880357985
0.005105982100800754
0.004474799811587377
0.004352331606217616
0.004399434762129063
0.0043805934997644845
0.004248704663212435
0.00442769665567593
0.004870466321243524
0.00467263306641545
0.004964672633066417
0.005529910504003768
0.005445124823363167
0.005350918511540274
0.005454545454545456
0.005944418276024495
0.006443711728685823
0.005878473857748471
0.006019783325482809
0.006613283089967029
0.005972680169571362
0.005445124823363167
0.00551106924163919
0.005388601036269431
0.004644371172868584
0.005087140838436176
0.004776260009420633
0.004663212435233162
0.004729156853509186
0.005642958078191239
0.005906735751295338
0.006057465850211966
0.005388601036269431
0.006453132359868112
0.006707489401789921
0.006500235515779559
0.007046632124352332
0.00696184644371173
0.008845972680169572
0.008911917098445597
0.008742345737164389
0.009505416862929817
0.00972209138012247
0.00861045690061234
0.00813942534149788
0.00660386245878474
0.005332077249175696
0.0038530381535562892
0.002364578426754593
0.0013471502590673577
0.0009609043805934999
0.0009043805934997647
0.0005087140838436176
0.00029203956665096564
0.00032972209138012256
0.00024493641073951956
0.00032030146019783334
0.00040508714083843623
0.0003579839849269901
0.0001978332548280735
0.0001978332548280735
0.00044276966556759304
0.00023551577955723037
0.00015073009891662745
0.00015073009891662745
0.00010362694300518136
0.0001978332548280735
0.00023551577955723037
0.00015073009891662745
0.00015073009891662745
7.536504945831373e-05
0.00010362694300518136
0.00016015073009891667
6.59444182760245e-05
5.6523787093735295e-05
5.6523787093735295e-05
1.8841262364578432e-05
1.8841262364578432e-05
4.710315591144607e-05
7.536504945831373e-05
3.7682524729156864e-05
1.8841262364578432e-05
1.8841262364578432e-05
1.8841262364578432e-05
9.420631182289216e-06
2.8261893546867648e-05
1.8841262364578432e-05
0.0
1.8841262364578432e-05
3.7682524729156864e-05
1.8841262364578432e-05
0.0
2.8261893546867648e-05
2.8261893546867648e-05
9.420631182289216e-06
1.8841262364578432e-05
2.8261893546867648e-05
9.420631182289216e-06
9.420631182289216e-06
0.0
9.420631182289216e-06
2.8261893546867648e-05
0.0
0.0
0.0
2.8261893546867648e-05
2.8261893546867648e-05
1.8841262364578432e-05
2.8261893546867648e-05
2.8261893546867648e-05
1.8841262364578432e-05
2.8261893546867648e-05
9.420631182289216e-06
2.8261893546867648e-05
4.710315591144607e-05
1.8841262364578432e-05
2.8261893546867648e-05
1.8841262364578432e-05
9.420631182289216e-06
9.420631182289216e-06
0.0
1.8841262364578432e-05
3.7682524729156864e-05
0.0
0.0
9.420631182289216e-06
9.420631182289216e-06
9.420631182289216e-06
9.420631182289216e-06
9.420631182289216e-06
1.8841262364578432e-05
9.420631182289216e-06
0.0
9.420631182289216e-06
9.420631182289216e-06
1.8841262364578432e-05
0.0
0.0
9.420631182289216e-06
0.0
1.8841262364578432e-05
0.0
1.8841262364578432e-05
1.8841262364578432e-05
1.8841262364578432e-05
9.420631182289216e-06
1.8841262364578432e-05
9.420631182289216e-06
9.420631182289216e-06
0.0
0.0
0.0
1.8841262364578432e-05
0.0
1.8841262364578432e-05
0.0
9.420631182289216e-06
0.0
0.0
0.0
0.0
0.0
0.0
0.0
0.0
0.0
0.0
0.0
0.0
0.0
0.0
0.0
0.0
0.0
0.0
0.0
0.0
0.0
0.0
0.0
0.0
0.0
0.0
0.0
0.0
0.0
0.0
0.0
0.0
0.0
0.0
0.0
0.0
0.0
0.0
0.0
0.0
0.0
0.0
0.0
0.0
0.0
0.0
9.420631182289216e-06
0.0
0.0
0.0
0.0
0.0
0.0
0.0
0.0
0.0
0.0
0.0
0.0
0.0
0.0
0.0
0.0
0.0
0.0
0.0
0.0
0.0
0.0
0.0
0.0
0.0
0.0
0.0
0.0
0.0
0.0
0.0
0.0
0.0
0.0
0.0
0.0
0.0
0.0
0.0
0.0
0.0
0.0
0.0
0.0
0.0
0.0
0.0
0.0
0.0
0.0
0.0
0.0
0.0
0.0
0.0
0.0
0.0
0.0
0.0
0.0
0.0
0.0
0.0
0.0
0.0
0.0
0.0
0.0
0.0
0.0
0.0
0.0
0.0
0.0
0.0
0.0
0.0
0.0
0.0
0.0
0.0
0.0
0.0
0.0
0.0
0.0
0.0
0.0
0.0
0.0
0.0
0.0
0.0
0.0
0.0
0.0
0.0
0.0
0.0
0.0
0.0
0.0
0.0
0.0
0.0
0.0
0.0
0.0
0.0
0.0
0.0
0.0
0.0
0.0
0.0
0.0
0.0
0.0
0.0
0.0
0.0
0.0
0.0
0.0
0.0
0.0
0.0
0.0
0.0
0.0
0.0
0.0
0.0
0.0
0.0
0.0
0.0
0.0
0.0
0.0
0.0
0.0
0.0
0.0
0.0
0.0
0.0
0.0
0.0
0.0
0.0
0.0
0.0
0.0
0.0
0.0
0.0
0.0
0.0
0.0