0.016331307920467632
0.01863643938665118
0.020754869223319896
0.022779141082135114
0.02474178703175839
0.02664611593888352
0.028470624028224194
0.030161826071629698
0.03164244666691876
0.03286326151290639
0.03388953988301641
0.03488485679527748
0.03596760613177031
0.037124980580885356
0.03826849321507644
0.039274788241650066
0.039872609247362016
0.03943018017168342
0.03695187149177735
0.03169842414378668
0.024253757688736086
0.016623928323221567
0.010877724467430924
0.007695184476639447
0.006536135098686308
0.006308729895111521
0.006418120890945965
0.006611905140159032
0.006820687953891302
0.007030468044091175
0.007238768520298106
0.0074446810705984185
0.0076480962550189565
0.007849138506204664
0.00804756763843348
0.0082427314335981
0.008433590505584962
0.00861896191400329
0.008798359601764425
0.008972648504069114
0.00914294358940112
0.009308663990523054
0.009467617471071065
0.009617920216159077
0.009759758358560949
0.00989460126222784
0.01002367896498263
0.010147093538253039
0.010263396930029357
0.010370735774130935
0.010467674566875428
0.010554145792015013
0.010630304346889734
0.01069623301367828
0.010751529855803216
0.010795912800052614
0.010829359623082938
0.0108517731273837
0.010863141733688552
0.010863059687239256
0.010851202460887789
0.010827101510175074
0.010790426563113386
0.010740787687108191
0.010677847733637506
0.010601413813505834
0.010510847570826506
0.010403548089381792
0.010271208923794324
0.010090391972740285
0.009809392125481249
0.009341446652906288
0.008581269827601615
0.0074575746374668525
0.005941666031486376
0.004400318969075287
0.002883681805350296
0.0016717005907544555
0.0008489113371795724
0.00037739714605258
0.0001482522111851279
5.3453572879978696e-05
2.1188640066918244e-05
1.1524880379741971e-05
8.702353941595908e-06
8.766237649212567e-06
8.738923248926442e-06
8.754749460538876e-06
8.784743680911531e-06
8.820140510826602e-06
8.850685123018653e-06
8.875954094926176e-06
8.895732310929133e-06
8.910002599566834e-06
8.918561166411872e-06
8.921477622417827e-06
8.918873790671437e-06
8.910335917083901e-06
8.89594120187476e-06
8.77262989832333e-06
8.722144304040787e-06
8.82055111147038e-06
8.785744071763923e-06
8.748367005424496e-06
8.703510304433333e-06
8.653189632149386e-06
8.596924235599193e-06
8.534367483290807e-06
8.465513850703027e-06
8.388998988309933e-06
8.307724533473762e-06
8.22028372942128e-06
8.12685430308628e-06
8.027311900063448e-06
7.921925725876258e-06
7.8108032169461e-06
7.689406148331028e-06
7.567114933911922e-06
7.404199844245776e-06
7.2394017418260426e-06
7.096678480258313e-06
6.7692541619448786e-06
6.318915469381409e-06
6.084918103380749e-06
5.411158953734923e-06
4.9164306111686166e-06
4.27128743209264e-06
3.735937778619091e-06
3.318099963129911e-06
2.897851438682377e-06
2.515206654890916e-06
2.2667089506354525e-06
2.1107251949481226e-06
1.792948602866654e-06
1.5312071465341878e-06
1.1791240383966353e-06
8.72711870857851e-07
6.018700133219221e-07
3.6754079584815806e-07
1.9538059617186546e-07
1.5840108201030108e-07
3.1379733914801074e-09
3.3501450638721656e-09
3.5649886496453295e-09
3.780671314373187e-09
2.364006041925915e-09
0.0
0.0
0.0
0.0
0.0
0.0
0.0
0.0
0.0
0.0
0.0
0.0
0.0
0.0
0.0
0.0
0.0
0.0
0.0
0.0
0.0
0.0
0.0
0.0
0.0
0.0
0.0
0.0
0.0
0.0
0.0
0.0
0.0
0.0
0.0
0.0
0.0
0.0
0.0
0.0
0.0
0.0
0.0
0.0
0.0
0.0
0.0
0.0
0.0
0.0
0.0
0.0
0.0
0.0
0.0
0.0
0.0
0.0
0.0
0.0
0.0
0.0
0.0
0.0
0.0
0.0
0.0
0.0
0.0
0.0
0.0
0.0
0.0
0.0
0.0
0.0
0.0
0.0
0.0
0.0
0.0
0.0
0.0
0.0
0.0
0.0
0.0
0.0
0.0
0.0
0.0
0.0
0.0
0.0
0.0
0.0
0.0
0.0
0.0
0.0
0.0
0.0
0.0
0.0
0.0
0.0
0.0
0.0
0.0
0.0
0.0
0.0
0.0
0.0
0.0
0.0
0.0
0.0
0.0
0.0
0.0
0.0
0.0
0.0
0.0
0.0
0.0
0.0
0.0
0.0
0.0
0.0
0.0
0.0
0.0
0.0
0.0
0.0
0.0
0.0
0.0
0.0
0.0
0.0
0.0
0.0
0.0
0.0
0.0
0.0
0.0
0.0
0.0
0.0
0.0
0.0
0.0
0.0
0.0
0.0
0.0
0.0
0.0
0.0
0.0
0.0
0.0
0.0
0.0
0.0
0.0
0.0
0.0
0.0
0.0
0.0
0.0
0.0
0.0
0.0
0.0
0.0
0.0
0.0
0.0
0.0
0.0
0.0
0.0
0.0
0.0
0.0
0.0
0.0
0.0
0.0
0.0
0.0
0.0
0.0
0.0
0.0
0.0
0.0
0.0
0.0
0.0
0.0
0.0
0.0
0.0
0.0
0.0
0.0
0.0
0.0
0.0
0.0
0.0
0.0
0.0
0.0
0.0
0.0
0.0
0.0
0.0
0.0
0.0
0.0
0.0
0.0
0.0
0.0
0.0
0.0
0.0
0.0
0.0
0.0
0.0
0.0
0.0
0.0
0.0
0.0
0.0
0.0
0.0
0.0
0.0
0.0
0.0
0.0
0.0
0.0
0.0
0.0
0.0
0.0
0.0
0.0
0.0
0.0