1.2889103952375107
1.2757018521990782
1.2625362040140287
1.2494149362965634
1.236339509341297
1.223311357960042
1.21033189132971
1.1974024928512765
1.1845245200197523
1.171699304305103
1.15892815104405
1.1462123393426762
1.13355312198977
1.1209517253808197
1.1084093494525737
1.09592716762808
1.0835063267721088
1.0711479471568572
1.0588531224378404
1.0466229196398527
1.0344583791528972
1.0223605147379642
1.0103303135425377
0.9983687361257177
0.986476716492821
0.974655162139339
0.9629049541041191
0.9512269470316331
0.9396219692431935
0.9280908228169814
0.9166342836767317
0.9052531016889445
0.8939480007684523
0.8827196789922171
0.8715688087211735
0.860496036729992
0.8495019843445772
0.8385872475871607
0.8277523973288139
0.816997979449221
0.8063245150035505
0.7957325003962494
0.7852224075616006
0.7747946841508672
0.7644497537258573
0.7541880159587344
0.7440098468379039
0.7339155988797982
0.7239056013463887
0.7139801604682521
0.7041395596730105
0.694384059818972
0.6847138994338017
0.6751292949580344
0.6656304409932693
0.6562175105548537
0.6468906553288978
0.6376500059334267
0.6284956721835143
0.6194277433602043
0.6104462884830626
0.6015513565861761
0.5927429769974285
0.5840211596208853
0.575385895222111
0.5668371557162546
0.5583748944587299
0.5499990465383289
0.5417095290725962
0.5335062415053046
0.5253890659058655
0.5173578672705161
0.5094124938251163
0.5015527773294072
0.49377853338256206
0.486089561729888
0.47848564657051257
0.47096655686591427
0.4635320466491402
0.45618185533457045
0.44891570802807523
0.44173331583743336
0.43463437618285916
0.4276185731075085
0.42068557758782205
0.4138350478435746
0.40706662964749746
0.40037995663434484
0.3937746506092783
0.38725032185544334
0.38080656944061725
0.3744429815228096
0.36815913565469616
0.3619545990867745
0.35582892906912944
0.3497816731516962
0.34381236948292115
0.3379205471067083
0.3321057262575591
0.3263674186537999
0.3207051277888072
0.31511834922013227
0.30960657085644233
0.30416927324218074
0.2988059298398734
0.2935160073099868
0.28829896578827113
0.28315425916049936
0.2780813353345394
0.2730796365096812
0.2681485994431521
0.26328765571375695
0.25849623198257615
0.2537737502506652
0.24911962811369337
0.24453327901347321
0.24001411248631968
0.2355615344081973
0.23117494723660245
0.2268537502491395
0.22259733977874577
0.21840510944552888
0.2142764503851763
0.2102107514739049
0.20620739954991596
0.20226577963132872
0.19838527513056148
0.194565268065139
0.19080513926489992
0.18710426857558657
0.1834620350587974
0.17987781718828574
0.17635099304259358
0.17288094049400451
0.16946703739381147
0.16610866175388656
0.16280519192455284
0.15955600676874915
0.15636048583249224
0.15321800951163164
0.15012795921490352
0.1470897175232852
0.14410266834565805
0.1411661970707853
0.13827969071561566
0.13544253806992226
0.13265412983729222
0.12991385877247785
0.12722111981512985
0.12457531021992538
0.12197582968311432
0.11942208046550129
0.11691346751188583
0.1144493985669855
0.11202928428786343
0.10965253835288988
0.10731857756726064
0.10502682196510434
0.10277669490820421
0.10056762318136858
0.09839903708447743
0.09627037052124124
0.09418106108470252
0.09213055013951664
0.09011828290104505
0.08814370851129927
0.08620628011177014
0.08430545491318238
0.08244069426220987
0.08061146370519456
0.07881723304890444
0.07705747641837468
0.07533167231187005
0.07363930365301162
0.07197985784010949
0.0703528267927428
0.06875770699563175
0.06719399953984281
0.06566121016137265
0.0641588492771529
0.06268643201852153
0.06124347826220385
0.059829512658849344
0.05844406465916758
0.05708666853770997
0.05575686341434084
0.054454193273444904
0.05317820698091448
0.051928458298964135
0.050704505898816074
0.04950591337130347
0.04833224923543573
0.0471830869449721
0.04605800489304814
0.04495658641490092
0.043878419788737404
0.042823098234790705
0.04179021991261023
0.040779387916628225
0.03979021027004891
0.038822299917102704
0.03787527471371078
0.036948757416601766
0.03604237567092571
0.0351557619964064
0.034288553772075916
0.033440393219633005
0.03261092738546715
0.031799808121390084
0.03100669206411555
0.030231240613528155
0.029473119909781374
0.028732000809264933
0.028007558859480156
0.027299474272863406
0.02660743189959455
0.02593112119942988
0.025270236212595887
0.02462447552978159
0.023993542261265287
0.02337714400521239
0.022774992815178995
0.02218680516685688
0.02161230192409367
0.021051208304222534
0.02050325384273425
0.01996817235732466
0.01944570191134988
0.018935584776720235
0.018437567396264877
0.01795140034559675
0.017476838294508586
0.017013639967928658
0.01656156810646557
0.01612038942657001
0.01568987458034139
0.015269798115005997
0.01485993843209393
0.014460077746339759
0.014070002044333244
0.013689501042944209
0.013318368147546155
0.012956400410062087
0.012603398486855745
0.012259166596490755
0.01192351247737961
0.01159624734534386
0.01127718585110644
0.01096614603773655
0.010662949298066354
0.010367420332099475
0.010079387104429068
0.0097986808016845
0.009525135790023414
0.009258589572686915
0.008998882747634038
0.008745858965271669
0.00849936488629548
0.008259250139656952
0.008025367280670753
0.007797571749276958
0.0075757218284712245
0.0073596786029163745
0.007149305917747647
0.006944470337584082
0.006745041105757476
0.006550890103770308
0.006361891810993235
0.006177923264612736
0.005998864019838607
0.005824596110380874
0.005655004009205282
0.005489974589575808
0.0053293970863927355
0.005173163057833852
0.0050211663473065
0.004873303045717389
0.004729471454067033
0.004589572046375007
0.004453507432942204
0.004321182323955519
0.004192503493440484
0.004067379743566593
0.003945721869310174
0.0038274426234788865
0.003712456682102069
0.0036006806101904106
0.0034920328278685384
0.0033864335768834576
0.0032838048874917307
0.0031840705457279717
0.00308715606105679
0.002992988634410345
0.0029014971266131235
0.0028126120271955244
0.0027262654235974426
0.0026423909707629406
0.0025609238611266983
0.0024818007949929267
0.0024049599513069828
0.002330340958819941
0.002257884867645951
0.0021875341212122474
0.0021192325286012513
0.0020529252372842428
0.001988558706245726
0.0019260806794975758
0.0018654401599817638
0.0018065873838604557
0.001749473795191944
0.0016940520209908741
0.0016402758466710632
0.0015881001918689147
0.001537481086645597
0.0014883756480657292
0.0014407420571504088
0.0013945395362021658
0.0013497283264994348
0.0013062696663579296
0.0012641257695562929
0.0012232598041231996
0.0011836358714831143
0.001145218985957749
0.0011079750546202113
0.0010718708574986948
0.001036874028126642
0.0010029530344360569
0.0009700771599907434
0.000938216485556038
0.0009073418710016998
0.0008774249375344516
0.0008484380502566798
0.0008203543010477152
0.00079314749176414
0.0007667921177554472
0.0007412633516914147
0.0007165370276974928
0.000692589625794457
0.0006693982566386144
0.0006469406465587691
0.0006251951228861748
0.0006041405995736405
0.0005837565631000146
0.0005640230586561899
0.0005449206766088065
0.000526430539237804
0.0005085342877439887
0.0004912140695227696
0.0004744525257002223
0.00045823277892762616
0.00044253842143066903
0.0004273535033094748
0.00041266252108564756
0.00039845040649251376
0.00038470251550479657
0.000371404617603924
0.0003585428852752219
0.0003461038837332545
0.00033407456087157386
0.00032244223743320037
0.0003111945973981394
0.0003003196785842926
0.0002898058634581155
0.00027964187015143866
0.00026981674368086627
0.000260319847366207
0.00025114085444440587
0.00024226973987551264
0.0002336967723372067
0.00022541250640446855
0.00021740777491098962
0.00020967368148897672
0.00020220159328401482
0.00019498313384170332
0.00018801017616280297
0.00018127483592368638
0.00017476946485889491
0.00016848664430266618
0.00016241917888632052
0.00015656009038842822
0.00015090261173473688
0.00014544018114485347
0.00014016643642272971
0.0001350752093880287
0.00013016052044550246
0.00012541657328953118
0.00012083774974103284
0.00011641860471397365
0.00011215386130876852
0.00010803840602988094
0.00010406728412498723
0.00010023569504309608
9.653898800906762e-05
9.2972657712004e-05
8.953234010503102e-05
8.621380831402091e-05
8.301296865285846e-05
7.992585674287902e-05
7.6948633734153e-05
7.407758262632833e-05
7.130910468678029e-05
6.863971596385811e-05
6.606604389305507e-05
6.358482399396452e-05
6.119289665592618e-05
5.888720401030117e-05
5.666478688735216e-05
5.4522781855740785e-05
5.245841834269364e-05
5.0469015832922525e-05